#Warren, S. G., 1984: Optical constants of ice from ultraviolet to microwave,
#Applied Optics, 23, 1206-1225
#(with  updates given by  S. G. Warren in 1995).
#
#Wave(microns)	Real part 	Imaginary part	     
4.43000E-02	8.34410E-01	1.64000E-01
4.51544E-02	8.36796E-01	1.73668E-01
4.60253E-02	8.37349E-01	1.84639E-01
4.69130E-02	8.37781E-01	1.96599E-01
4.78178E-02	8.38548E-01	2.09919E-01
4.87400E-02	8.41342E-01	2.25326E-01
4.96800E-02	8.47839E-01	2.40793E-01
5.06382E-02	8.55404E-01	2.50311E-01
5.16149E-02	8.60068E-01	2.58299E-01
5.26103E-02	8.62136E-01	2.66440E-01
5.36250E-02	8.61796E-01	2.76230E-01
5.46593E-02	8.61163E-01	2.90304E-01
5.57135E-02	8.62478E-01	3.07250E-01
5.67880E-02	8.65685E-01	3.25178E-01
5.78833E-02	8.70367E-01	3.43585E-01
5.89996E-02	8.77638E-01	3.65993E-01
6.01376E-02	8.89293E-01	3.85614E-01
6.12974E-02	9.02290E-01	4.04654E-01
6.24796E-02	9.16604E-01	4.23118E-01
6.36847E-02	9.32042E-01	4.41180E-01
6.49129E-02	9.48582E-01	4.58479E-01
6.61649E-02	9.68142E-01	4.78130E-01
6.74410E-02	9.91607E-01	4.97755E-01
6.87417E-02	1.01993E+00	5.14897E-01
7.00675E-02	1.05053E+00	5.23767E-01
7.14189E-02	1.08064E+00	5.29484E-01
7.27963E-02	1.10980E+00	5.32755E-01
7.42003E-02	1.13944E+00	5.33069E-01
7.56314E-02	1.16710E+00	5.29423E-01
7.70901E-02	1.19320E+00	5.25173E-01
7.85769E-02	1.21695E+00	5.17868E-01
8.00924E-02	1.23961E+00	5.09649E-01
8.16371E-02	1.25967E+00	5.03873E-01
8.32117E-02	1.28220E+00	4.99815E-01
8.48165E-02	1.30992E+00	4.99241E-01
8.64524E-02	1.34272E+00	4.89144E-01
8.81198E-02	1.37920E+00	4.72603E-01
8.98193E-02	1.39993E+00	4.31914E-01
9.15516E-02	1.41439E+00	3.86092E-01
9.33174E-02	1.40793E+00	3.57119E-01
9.51172E-02	1.40161E+00	3.41383E-01
9.69517E-02	1.40107E+00	3.30163E-01
9.88215E-02	1.40159E+00	3.19996E-01
1.00727E-01	1.40458E+00	3.07530E-01
1.02670E-01	1.40818E+00	2.94925E-01
1.04650E-01	1.40717E+00	2.78184E-01
1.06669E-01	1.40397E+00	2.60353E-01
1.08726E-01	1.39806E+00	2.48012E-01
1.10823E-01	1.38989E+00	2.42452E-01
1.12960E-01	1.38354E+00	2.39000E-01
1.15139E-01	1.38106E+00	2.40396E-01
1.17360E-01	1.38166E+00	2.43103E-01
1.19623E-01	1.38951E+00	2.45580E-01
1.21930E-01	1.40036E+00	2.39564E-01
1.24282E-01	1.40859E+00	2.21248E-01
1.26679E-01	1.40363E+00	1.99404E-01
1.29122E-01	1.38379E+00	1.77263E-01
1.31613E-01	1.34585E+00	1.78335E-01
1.34151E-01	1.31369E+00	2.04586E-01
1.36738E-01	1.28944E+00	2.61520E-01
1.39375E-01	1.32228E+00	3.45714E-01
1.42064E-01	1.40359E+00	3.95747E-01
1.44804E-01	1.51368E+00	3.92862E-01
1.47596E-01	1.59628E+00	3.32058E-01
1.50443E-01	1.62269E+00	2.46255E-01
1.53345E-01	1.63482E+00	1.90554E-01
1.56302E-01	1.63755E+00	1.22728E-01
1.59317E-01	1.61434E+00	4.78036E-02
1.62389E-01	1.55890E+00	1.15428E-02
1.65521E-01	1.51731E+00	2.57085E-03
1.68714E-01	1.48948E+00	5.56158E-04
1.71968E-01	1.46897E+00	1.17102E-04
1.75284E-01	1.45313E+00	2.37760E-05
1.78665E-01	1.44028E+00	4.69712E-06
1.82111E-01	1.42920E+00	8.77535E-07
1.85623E-01	1.41992E+00	1.53919E-07
1.89203E-01	1.41177E+00	8.87239E-08
1.92852E-01	1.40471E+00	6.24458E-08
1.96572E-01	1.39845E+00	4.64955E-08
2.00363E-01	1.39309E+00	3.74825E-08
2.04227E-01	1.38776E+00	3.15556E-08
2.08166E-01	1.38244E+00	2.69447E-08
2.12181E-01	1.37829E+00	2.35935E-08
2.16273E-01	1.37512E+00	2.12678E-08
2.20445E-01	1.37196E+00	1.96115E-08
2.24696E-01	1.36873E+00	1.79143E-08
2.29030E-01	1.36551E+00	1.64961E-08
2.33447E-01	1.36231E+00	1.53601E-08
2.37950E-01	1.35913E+00	1.45812E-08
2.42539E-01	1.35591E+00	1.39906E-08
2.47217E-01	1.35268E+00	1.35202E-08
2.51985E-01	1.35007E+00	1.32798E-08
2.56845E-01	1.34832E+00	1.32311E-08
2.61798E-01	1.34656E+00	1.31632E-08
2.66848E-01	1.34479E+00	1.30619E-08
2.71994E-01	1.34301E+00	1.29180E-08
2.77240E-01	1.34123E+00	1.27077E-08
2.82587E-01	1.33946E+00	1.23852E-08
2.88037E-01	1.33772E+00	1.19507E-08
2.93593E-01	1.33594E+00	1.15029E-08
2.99255E-01	1.33413E+00	1.10568E-08
3.05027E-01	1.33294E+00	1.00918E-08
3.10910E-01	1.33183E+00	9.17977E-09
3.16906E-01	1.33075E+00	8.55242E-09
3.23018E-01	1.32965E+00	8.06212E-09
3.29248E-01	1.32853E+00	7.69293E-09
3.35598E-01	1.32739E+00	7.27663E-09
3.42071E-01	1.32624E+00	6.81271E-09
3.48668E-01	1.32512E+00	6.25559E-09
3.55393E-01	1.32430E+00	5.55574E-09
3.62247E-01	1.32353E+00	4.86137E-09
3.69234E-01	1.32269E+00	4.19643E-09
3.76355E-01	1.32190E+00	3.66810E-09
3.83614E-01	1.32110E+00	3.31362E-09
3.91013E-01	1.32030E+00	3.08786E-09
3.98554E-01	1.31954E+00	2.86107E-09
4.06241E-01	1.31884E+00	2.62143E-09
4.14076E-01	1.31819E+00	2.40419E-09
4.22062E-01	1.31760E+00	2.22129E-09
4.30202E-01	1.31701E+00	2.07637E-09
4.38500E-01	1.31643E+00	1.93435E-09
4.46957E-01	1.31588E+00	1.64345E-09
4.55577E-01	1.31535E+00	1.53439E-09
4.64364E-01	1.31484E+00	1.53875E-09
4.73320E-01	1.31434E+00	1.57953E-09
4.82449E-01	1.31387E+00	1.67349E-09
4.91754E-01	1.31341E+00	1.80232E-09
5.01238E-01	1.31296E+00	1.93731E-09
5.10905E-01	1.31253E+00	2.15069E-09
5.20759E-01	1.31212E+00	2.28030E-09
5.30803E-01	1.31172E+00	2.56955E-09
5.41040E-01	1.31132E+00	2.94838E-09
5.51475E-01	1.31094E+00	3.13612E-09
5.62111E-01	1.31057E+00	3.33761E-09
5.72953E-01	1.31021E+00	3.66707E-09
5.84003E-01	1.30987E+00	4.35903E-09
5.95266E-01	1.30952E+00	5.31240E-09
6.06747E-01	1.30918E+00	6.49113E-09
6.18449E-01	1.30886E+00	8.29497E-09
6.30377E-01	1.30854E+00	1.04633E-08
6.42535E-01	1.30823E+00	1.27042E-08
6.54928E-01	1.30792E+00	1.53949E-08
6.67559E-01	1.30762E+00	1.83140E-08
6.80434E-01	1.30732E+00	2.10267E-08
6.93557E-01	1.30702E+00	2.56793E-08
7.06934E-01	1.30673E+00	3.26536E-08
7.20568E-01	1.30645E+00	4.04497E-08
7.34466E-01	1.30616E+00	4.56762E-08
7.48631E-01	1.30588E+00	5.73064E-08
7.63070E-01	1.30560E+00	7.51223E-08
7.77787E-01	1.30532E+00	9.81886E-08
7.92788E-01	1.30504E+00	1.22278E-07
8.08078E-01	1.30476E+00	1.38832E-07
8.23663E-01	1.30448E+00	1.43732E-07
8.39549E-01	1.30420E+00	1.50726E-07
8.55741E-01	1.30392E+00	2.00786E-07
8.72246E-01	1.30363E+00	2.79390E-07
8.89069E-01	1.30335E+00	3.86335E-07
9.06216E-01	1.30305E+00	4.34792E-07
9.23694E-01	1.30277E+00	4.87391E-07
9.41509E-01	1.30246E+00	5.60162E-07
9.59668E-01	1.30217E+00	7.49369E-07
9.78177E-01	1.30185E+00	1.08198E-06
9.97042E-01	1.30154E+00	1.52851E-06
1.01627E+00	1.30122E+00	2.15364E-06
1.03587E+00	1.30089E+00	2.33000E-06
1.05585E+00	1.30055E+00	2.04429E-06
1.07622E+00	1.30020E+00	1.76609E-06
1.09697E+00	1.29984E+00	1.70900E-06
1.11813E+00	1.29948E+00	1.80866E-06
1.13969E+00	1.29910E+00	2.24330E-06
1.16168E+00	1.29870E+00	3.16177E-06
1.18408E+00	1.29829E+00	5.15251E-06
1.20692E+00	1.29787E+00	8.00677E-06
1.23019E+00	1.29743E+00	1.13169E-05
1.25392E+00	1.29698E+00	1.30171E-05
1.27811E+00	1.29650E+00	1.33375E-05
1.30276E+00	1.29599E+00	1.31723E-05
1.32788E+00	1.29546E+00	1.32000E-05
1.35349E+00	1.29491E+00	1.40043E-05
1.37960E+00	1.29431E+00	1.57585E-05
1.40620E+00	1.29365E+00	2.28869E-05
1.43333E+00	1.29290E+00	1.01737E-04
1.46097E+00	1.29230E+00	2.88632E-04
1.48915E+00	1.29178E+00	5.28659E-04
1.51787E+00	1.29124E+00	5.02587E-04
1.54714E+00	1.29062E+00	4.27116E-04
1.57698E+00	1.28991E+00	3.25113E-04
1.60740E+00	1.28901E+00	2.59410E-04
1.63840E+00	1.28813E+00	2.35842E-04
1.67000E+00	1.28718E+00	2.00162E-04
1.70221E+00	1.28615E+00	1.70685E-04
1.73504E+00	1.28504E+00	1.49527E-04
1.76850E+00	1.28375E+00	1.38725E-04
1.80261E+00	1.28248E+00	1.30382E-04
1.83737E+00	1.28104E+00	1.23000E-04
1.87281E+00	1.27939E+00	1.56453E-04
1.90893E+00	1.27748E+00	4.88735E-04
1.94575E+00	1.27599E+00	1.16465E-03
1.98328E+00	1.27462E+00	1.62574E-03
2.02153E+00	1.27320E+00	1.56339E-03
2.06052E+00	1.27146E+00	1.28836E-03
2.10026E+00	1.26933E+00	8.26460E-04
2.14076E+00	1.26659E+00	4.59263E-04
2.18205E+00	1.26341E+00	2.96285E-04
2.22414E+00	1.26002E+00	2.25004E-04
2.26703E+00	1.25605E+00	2.21324E-04
2.31076E+00	1.25172E+00	3.25536E-04
2.35532E+00	1.24687E+00	4.86439E-04
2.40075E+00	1.24122E+00	5.93097E-04
2.44705E+00	1.23469E+00	6.81003E-04
2.49425E+00	1.22677E+00	7.89017E-04
2.54236E+00	1.21713E+00	8.49488E-04
2.59139E+00	1.20466E+00	9.40740E-04
2.64137E+00	1.18723E+00	1.94166E-03
2.69231E+00	1.16478E+00	4.58211E-03
2.74424E+00	1.13285E+00	1.11083E-02
2.79717E+00	1.08780E+00	2.74474E-02
2.85111E+00	1.02346E+00	7.08075E-02
2.90610E+00	9.62625E-01	1.90406E-01
2.96215E+00	1.00242E+00	3.36656E-01
3.01928E+00	1.07280E+00	4.87479E-01
3.07751E+00	1.32783E+00	6.24110E-01
3.13687E+00	1.55554E+00	4.85772E-01
3.19737E+00	1.64935E+00	2.91863E-01
3.25904E+00	1.61095E+00	1.54136E-01
3.32189E+00	1.55778E+00	8.36852E-02
3.38596E+00	1.51404E+00	4.40622E-02
3.45126E+00	1.47661E+00	2.38255E-02
3.51783E+00	1.44807E+00	1.42235E-02
3.58568E+00	1.42618E+00	9.44774E-03
3.65483E+00	1.40937E+00	7.66333E-03
3.72532E+00	1.39547E+00	6.91620E-03
3.79717E+00	1.38423E+00	6.70954E-03
3.87041E+00	1.37485E+00	7.34151E-03
3.94505E+00	1.36697E+00	8.68508E-03
4.02114E+00	1.36029E+00	9.90104E-03
4.09870E+00	1.35416E+00	1.10951E-02
4.17775E+00	1.34871E+00	1.29144E-02
4.25832E+00	1.34353E+00	1.53598E-02
4.34045E+00	1.33921E+00	1.95646E-02
4.42416E+00	1.33833E+00	2.49185E-02
4.50949E+00	1.34078E+00	2.90321E-02
4.59646E+00	1.34609E+00	2.68426E-02
4.68512E+00	1.34473E+00	1.95120E-02
4.77548E+00	1.34122E+00	1.57984E-02
4.86758E+00	1.33641E+00	1.36552E-02
4.96146E+00	1.33119E+00	1.23514E-02
5.05715E+00	1.32573E+00	1.22845E-02
5.15469E+00	1.32040E+00	1.29866E-02
5.25410E+00	1.31484E+00	1.39141E-02
5.35544E+00	1.30884E+00	1.62850E-02
5.45873E+00	1.30281E+00	1.97304E-02
5.56401E+00	1.29680E+00	2.44696E-02
5.67132E+00	1.29118E+00	3.16414E-02
5.78070E+00	1.28601E+00	4.20790E-02
5.89219E+00	1.28891E+00	5.76323E-02
6.00583E+00	1.29746E+00	6.50939E-02
6.12167E+00	1.30767E+00	6.98196E-02
6.23973E+00	1.31647E+00	6.72603E-02
6.36008E+00	1.32165E+00	6.24396E-02
6.48274E+00	1.32066E+00	5.62657E-02
6.60777E+00	1.31778E+00	5.56490E-02
6.73522E+00	1.31782E+00	5.77576E-02
6.86512E+00	1.31920E+00	5.72244E-02
6.99752E+00	1.31939E+00	5.56015E-02
7.13248E+00	1.31900E+00	5.50000E-02
7.27004E+00	1.31883E+00	5.35414E-02
7.41026E+00	1.31710E+00	5.20000E-02
7.55318E+00	1.31560E+00	5.20000E-02
7.69885E+00	1.31541E+00	5.18828E-02
7.84734E+00	1.31524E+00	4.91280E-02
7.99869E+00	1.31328E+00	4.50198E-02
8.15296E+00	1.30848E+00	4.02843E-02
8.31020E+00	1.30058E+00	3.73257E-02
8.47048E+00	1.29274E+00	3.89352E-02
8.63385E+00	1.28630E+00	3.97188E-02
8.80037E+00	1.27943E+00	4.08903E-02
8.97010E+00	1.27228E+00	4.25020E-02
9.14310E+00	1.26495E+00	4.43097E-02
9.31944E+00	1.25649E+00	4.52286E-02
9.49918E+00	1.24647E+00	4.59066E-02
9.68239E+00	1.23218E+00	4.65666E-02
9.86913E+00	1.21462E+00	4.83019E-02
1.00595E+01	1.19086E+00	5.48424E-02
1.02535E+01	1.16359E+00	6.96978E-02
1.04512E+01	1.13160E+00	9.32920E-02
1.06528E+01	1.10011E+00	1.37595E-01
1.08583E+01	1.08768E+00	2.00186E-01
1.10677E+01	1.10117E+00	2.67271E-01
1.12812E+01	1.13488E+00	3.20601E-01
1.14987E+01	1.17581E+00	3.60136E-01
1.17205E+01	1.22101E+00	3.88879E-01
1.19466E+01	1.26841E+00	4.11012E-01
1.21770E+01	1.31813E+00	4.20999E-01
1.24118E+01	1.36747E+00	4.22000E-01
1.26512E+01	1.41382E+00	4.12853E-01
1.28952E+01	1.45673E+00	3.96722E-01
1.31439E+01	1.49389E+00	3.75386E-01
1.33974E+01	1.52282E+00	3.46730E-01
1.36558E+01	1.54536E+00	3.19518E-01
1.39192E+01	1.56437E+00	2.90323E-01
1.41876E+01	1.57683E+00	2.57837E-01
1.44613E+01	1.57983E+00	2.24989E-01
1.47402E+01	1.57831E+00	1.95422E-01
1.50245E+01	1.57024E+00	1.72958E-01
1.53143E+01	1.56097E+00	1.55320E-01
1.56096E+01	1.55145E+00	1.42784E-01
1.59107E+01	1.54361E+00	1.33909E-01
1.62175E+01	1.53634E+00	1.26977E-01
1.65303E+01	1.53258E+00	1.23989E-01
1.68491E+01	1.53297E+00	1.18461E-01
1.71741E+01	1.53301E+00	1.08969E-01
1.75053E+01	1.52833E+00	9.80570E-02
1.78430E+01	1.52263E+00	8.79162E-02
1.81871E+01	1.51688E+00	7.89233E-02
1.85379E+01	1.50864E+00	7.52561E-02
1.88954E+01	1.50067E+00	7.22775E-02
1.92598E+01	1.49701E+00	7.59203E-02
1.96313E+01	1.49940E+00	7.45354E-02
2.00099E+01	1.50146E+00	6.66780E-02
2.03958E+01	1.49866E+00	5.53726E-02
2.07892E+01	1.49130E+00	4.58775E-02
2.11902E+01	1.48261E+00	4.00475E-02
2.15989E+01	1.47379E+00	3.51680E-02
2.20154E+01	1.46497E+00	3.08830E-02
2.24400E+01	1.45554E+00	2.81187E-02
2.28728E+01	1.44598E+00	2.71946E-02
2.33140E+01	1.43709E+00	2.71444E-02
2.37636E+01	1.42863E+00	2.75601E-02
2.42219E+01	1.42047E+00	2.82922E-02
2.46891E+01	1.41226E+00	2.91430E-02
2.51653E+01	1.40387E+00	3.06375E-02
2.56506E+01	1.39549E+00	3.25634E-02
2.61453E+01	1.38715E+00	3.49045E-02
2.66496E+01	1.37892E+00	3.81904E-02
2.71636E+01	1.37069E+00	4.17856E-02
2.76875E+01	1.36246E+00	4.57193E-02
2.82215E+01	1.35423E+00	5.00233E-02
2.87658E+01	1.34571E+00	5.45925E-02
2.93206E+01	1.33669E+00	5.93055E-02
2.98861E+01	1.32767E+00	6.44254E-02
3.04625E+01	1.31865E+00	6.99874E-02
3.10500E+01	1.30936E+00	7.60720E-02
3.16489E+01	1.29719E+00	8.31895E-02
3.22593E+01	1.28501E+00	9.09729E-02
3.28815E+01	1.27284E+00	9.94845E-02
3.35156E+01	1.25967E+00	1.10281E-01
3.41620E+01	1.24411E+00	1.26372E-01
3.48209E+01	1.23063E+00	1.46101E-01
3.54925E+01	1.21913E+00	1.70330E-01
3.61770E+01	1.21092E+00	1.93479E-01
3.68748E+01	1.20362E+00	2.18195E-01
3.75860E+01	1.19950E+00	2.46202E-01
3.83109E+01	1.19657E+00	2.77198E-01
3.90498E+01	1.19837E+00	3.05475E-01
3.98029E+01	1.20088E+00	3.35765E-01
4.05706E+01	1.20535E+00	3.66454E-01
4.13531E+01	1.21036E+00	3.99723E-01
4.21506E+01	1.21685E+00	4.35353E-01
4.29636E+01	1.22671E+00	4.78639E-01
4.37922E+01	1.25024E+00	5.34706E-01
4.46368E+01	1.28462E+00	5.76844E-01
4.54977E+01	1.32773E+00	6.36036E-01
4.63752E+01	1.41817E+00	6.93961E-01
4.72696E+01	1.54102E+00	6.83082E-01
4.81813E+01	1.60729E+00	6.10520E-01
4.91106E+01	1.62167E+00	5.59414E-01
5.00578E+01	1.63025E+00	5.42979E-01
5.10232E+01	1.65153E+00	5.32038E-01
5.20073E+01	1.67754E+00	5.18019E-01
5.30103E+01	1.70596E+00	5.00399E-01
5.40327E+01	1.74085E+00	4.75541E-01
5.50748E+01	1.76710E+00	4.15687E-01
5.61371E+01	1.75593E+00	3.52760E-01
5.72198E+01	1.70490E+00	2.94813E-01
5.83233E+01	1.62891E+00	3.14147E-01
5.94482E+01	1.59354E+00	3.59975E-01
6.05948E+01	1.59351E+00	4.25363E-01
6.17635E+01	1.63562E+00	4.71533E-01
6.29547E+01	1.68069E+00	4.81839E-01
6.41689E+01	1.72001E+00	4.89395E-01
6.54065E+01	1.76263E+00	4.87792E-01
6.66679E+01	1.80677E+00	4.73609E-01
6.79538E+01	1.83904E+00	4.42562E-01
6.92644E+01	1.85983E+00	4.13666E-01
7.06002E+01	1.87460E+00	3.86629E-01
7.19619E+01	1.88403E+00	3.61237E-01
7.33498E+01	1.89253E+00	3.37506E-01
7.47645E+01	1.89824E+00	3.15312E-01
7.62064E+01	1.90399E+00	2.94643E-01
7.76762E+01	1.90393E+00	2.69773E-01
7.91743E+01	1.90352E+00	2.46695E-01
8.07014E+01	1.89949E+00	2.25582E-01
8.22578E+01	1.89119E+00	2.06266E-01
8.38443E+01	1.88204E+00	1.92983E-01
8.54614E+01	1.87293E+00	1.84025E-01
8.71097E+01	1.86596E+00	1.75857E-01
8.87897E+01	1.86027E+00	1.69336E-01
9.05022E+01	1.85459E+00	1.63056E-01
9.22477E+01	1.84987E+00	1.57503E-01
9.40268E+01	1.84536E+00	1.52239E-01
9.58403E+01	1.84105E+00	1.47540E-01
9.76888E+01	1.83709E+00	1.43637E-01
9.95729E+01	1.83314E+00	1.39837E-01
1.01493E+02	1.83118E+00	1.37349E-01
1.03451E+02	1.82981E+00	1.35250E-01
1.05446E+02	1.82844E+00	1.33183E-01
1.07480E+02	1.82706E+00	1.31148E-01
1.09553E+02	1.82569E+00	1.29143E-01
1.11666E+02	1.82432E+00	1.27170E-01
1.13819E+02	1.82294E+00	1.25226E-01
1.16014E+02	1.82157E+00	1.23313E-01
1.18252E+02	1.82020E+00	1.21428E-01
1.20533E+02	1.81921E+00	1.19475E-01
1.22857E+02	1.81951E+00	1.17235E-01
1.25227E+02	1.81982E+00	1.15037E-01
1.27642E+02	1.82012E+00	1.12880E-01
1.30104E+02	1.82042E+00	1.10764E-01
1.32613E+02	1.82073E+00	1.08688E-01
1.35171E+02	1.82103E+00	1.06650E-01
1.37778E+02	1.82133E+00	1.04651E-01
1.40435E+02	1.82163E+00	1.02689E-01
1.43144E+02	1.82194E+00	1.00764E-01
1.45904E+02	1.82224E+00	9.88748E-02
1.48718E+02	1.82254E+00	9.70212E-02
1.51587E+02	1.82336E+00	9.48183E-02
1.54510E+02	1.82459E+00	9.23607E-02
1.57490E+02	1.82583E+00	8.99667E-02
1.60528E+02	1.82706E+00	8.76348E-02
1.63624E+02	1.82829E+00	8.53633E-02
1.66780E+02	1.82952E+00	8.31507E-02
1.69996E+02	1.83045E+00	7.87609E-02
1.73275E+02	1.83136E+00	7.44481E-02
1.76617E+02	1.83226E+00	7.03714E-02
1.80023E+02	1.83235E+00	6.62282E-02
1.83495E+02	1.83199E+00	6.21828E-02
1.87034E+02	1.83163E+00	5.83846E-02
1.90642E+02	1.83066E+00	5.44316E-02
1.94319E+02	1.82932E+00	5.05257E-02
1.98066E+02	1.82799E+00	4.69001E-02
2.01886E+02	1.82640E+00	4.38878E-02
2.05780E+02	1.82465E+00	4.12706E-02
2.09749E+02	1.82291E+00	3.88095E-02
2.13794E+02	1.82121E+00	3.64824E-02
2.17918E+02	1.81955E+00	3.42874E-02
2.22121E+02	1.81788E+00	3.22244E-02
2.26405E+02	1.81618E+00	3.03152E-02
2.30771E+02	1.81447E+00	2.85390E-02
2.35222E+02	1.81275E+00	2.68668E-02
2.39759E+02	1.81107E+00	2.53592E-02
2.44383E+02	1.80942E+00	2.39810E-02
2.49096E+02	1.80777E+00	2.26777E-02
2.53901E+02	1.80620E+00	2.15435E-02
2.58797E+02	1.80469E+00	2.05397E-02
2.63789E+02	1.80319E+00	1.95827E-02
2.68876E+02	1.80175E+00	1.87598E-02
2.74062E+02	1.80036E+00	1.80437E-02
2.79348E+02	1.79897E+00	1.73550E-02
2.84736E+02	1.79771E+00	1.68470E-02
2.90227E+02	1.79654E+00	1.64814E-02
2.95825E+02	1.79537E+00	1.61238E-02
3.01530E+02	1.79435E+00	1.58368E-02
3.07346E+02	1.79346E+00	1.56101E-02
3.13274E+02	1.79257E+00	1.53867E-02
3.19316E+02	1.79182E+00	1.51809E-02
3.25474E+02	1.79121E+00	1.49914E-02
3.31752E+02	1.79059E+00	1.48042E-02
3.38150E+02	1.78998E+00	1.46194E-02
3.44672E+02	1.78936E+00	1.44368E-02
3.51319E+02	1.78875E+00	1.42566E-02
3.58095E+02	1.78824E+00	1.40813E-02
3.65002E+02	1.78783E+00	1.39110E-02
3.72041E+02	1.78743E+00	1.37428E-02
3.79217E+02	1.78703E+00	1.35767E-02
3.86531E+02	1.78663E+00	1.34125E-02
3.93986E+02	1.78623E+00	1.32503E-02
4.01584E+02	1.78588E+00	1.30878E-02
4.09330E+02	1.78561E+00	1.29246E-02
4.17224E+02	1.78533E+00	1.27635E-02
4.25271E+02	1.78505E+00	1.26043E-02
4.33473E+02	1.78478E+00	1.24471E-02
4.41834E+02	1.78450E+00	1.22919E-02
4.50355E+02	1.78426E+00	1.21408E-02
4.59041E+02	1.78407E+00	1.19945E-02
4.67894E+02	1.78389E+00	1.18500E-02
4.76919E+02	1.78370E+00	1.17072E-02
4.86117E+02	1.78352E+00	1.15661E-02
4.95492E+02	1.78333E+00	1.14267E-02
5.05049E+02	1.78317E+00	1.12875E-02
5.14790E+02	1.78305E+00	1.11477E-02
5.24718E+02	1.78293E+00	1.10097E-02
5.34838E+02	1.78280E+00	1.08734E-02
5.45154E+02	1.78268E+00	1.07387E-02
5.55668E+02	1.78256E+00	1.06058E-02
5.66385E+02	1.78245E+00	1.04761E-02
5.77309E+02	1.78237E+00	1.03506E-02
5.88443E+02	1.78229E+00	1.02267E-02
5.99792E+02	1.78222E+00	1.01042E-02
6.11360E+02	1.78214E+00	9.98323E-03
6.23151E+02	1.78206E+00	9.86369E-03
6.35170E+02	1.78200E+00	9.74458E-03
6.47420E+02	1.78197E+00	9.62504E-03
6.59907E+02	1.78194E+00	9.50697E-03
6.72634E+02	1.78191E+00	9.39034E-03
6.85607E+02	1.78188E+00	9.27515E-03
6.98830E+02	1.78185E+00	9.16137E-03
7.12309E+02	1.78182E+00	9.04898E-03
7.26047E+02	1.78179E+00	8.93797E-03
7.40050E+02	1.78176E+00	8.82833E-03
7.54323E+02	1.78173E+00	8.72003E-03
7.68871E+02	1.78170E+00	8.61306E-03
7.83700E+02	1.78167E+00	8.50740E-03
7.98815E+02	1.78164E+00	8.40323E-03
8.14222E+02	1.78163E+00	8.30079E-03
8.29926E+02	1.78162E+00	8.19960E-03
8.45932E+02	1.78160E+00	8.09964E-03
8.62248E+02	1.78159E+00	8.00091E-03
8.78878E+02	1.78158E+00	7.90337E-03
8.95828E+02	1.78156E+00	7.80703E-03
9.13106E+02	1.78155E+00	7.71186E-03
9.30717E+02	1.78154E+00	7.61785E-03
9.48667E+02	1.78153E+00	7.52498E-03
9.66964E+02	1.78151E+00	7.43325E-03
9.85613E+02	1.78150E+00	7.34264E-03
1.00462E+03	1.78150E+00	7.25304E-03
1.02400E+03	1.78152E+00	7.16427E-03
1.04375E+03	1.78154E+00	7.07658E-03
1.06388E+03	1.78156E+00	6.98997E-03
1.08440E+03	1.78158E+00	6.90442E-03
1.10531E+03	1.78160E+00	6.81991E-03
1.12663E+03	1.78162E+00	6.73644E-03
1.14836E+03	1.78164E+00	6.65399E-03
1.17051E+03	1.78166E+00	6.57254E-03
1.19308E+03	1.78168E+00	6.49210E-03
1.21609E+03	1.78170E+00	6.41264E-03
1.23955E+03	1.78172E+00	6.33415E-03
1.26345E+03	1.78174E+00	6.25665E-03
1.28782E+03	1.78176E+00	6.18022E-03
1.31266E+03	1.78179E+00	6.10472E-03
1.33798E+03	1.78181E+00	6.03015E-03
1.36378E+03	1.78183E+00	5.95648E-03
1.39009E+03	1.78186E+00	5.88371E-03
1.41690E+03	1.78188E+00	5.81184E-03
1.44422E+03	1.78190E+00	5.74084E-03
1.47208E+03	1.78193E+00	5.67071E-03
1.50047E+03	1.78195E+00	5.60143E-03
1.52941E+03	1.78197E+00	5.53300E-03
1.55891E+03	1.78199E+00	5.46541E-03
1.58897E+03	1.78202E+00	5.39865E-03
1.61962E+03	1.78204E+00	5.33269E-03
1.65085E+03	1.78206E+00	5.26755E-03
1.68269E+03	1.78209E+00	5.20320E-03
1.71515E+03	1.78211E+00	5.13964E-03
1.74823E+03	1.78213E+00	5.07685E-03
1.78195E+03	1.78216E+00	5.01483E-03
1.81631E+03	1.78218E+00	4.95357E-03
1.85134E+03	1.78220E+00	4.89305E-03
1.88705E+03	1.78223E+00	4.83328E-03
1.92345E+03	1.78225E+00	4.77424E-03
1.96054E+03	1.78227E+00	4.71591E-03
1.99835E+03	1.78229E+00	4.65830E-03
2.03690E+03	1.78232E+00	4.60139E-03
2.07618E+03	1.78234E+00	4.54518E-03
2.11622E+03	1.78236E+00	4.48966E-03
2.15704E+03	1.78239E+00	4.43481E-03
2.19864E+03	1.78241E+00	4.38064E-03
2.24105E+03	1.78243E+00	4.32712E-03
2.28427E+03	1.78246E+00	4.27426E-03
2.32833E+03	1.78248E+00	4.22204E-03
2.37323E+03	1.78250E+00	4.17047E-03
2.41900E+03	1.78253E+00	4.11952E-03
2.46566E+03	1.78255E+00	4.06919E-03
2.51321E+03	1.78257E+00	4.01947E-03
2.56168E+03	1.78260E+00	3.97031E-03
2.61109E+03	1.78263E+00	3.92175E-03
2.66145E+03	1.78266E+00	3.87379E-03
2.71278E+03	1.78269E+00	3.82641E-03
2.76510E+03	1.78272E+00	3.77961E-03
2.81843E+03	1.78275E+00	3.73339E-03
2.87279E+03	1.78278E+00	3.68773E-03
2.92820E+03	1.78281E+00	3.64263E-03
2.98467E+03	1.78284E+00	3.59808E-03
3.04224E+03	1.78287E+00	3.55407E-03
3.10091E+03	1.78290E+00	3.51060E-03
3.16072E+03	1.78293E+00	3.46767E-03
3.22168E+03	1.78296E+00	3.42526E-03
3.28381E+03	1.78299E+00	3.38337E-03
3.34715E+03	1.78302E+00	3.34199E-03
3.41170E+03	1.78305E+00	3.30111E-03
3.47750E+03	1.78308E+00	3.26074E-03
3.54457E+03	1.78311E+00	3.22086E-03
3.61294E+03	1.78314E+00	3.18147E-03
3.68262E+03	1.78317E+00	3.14256E-03
3.75364E+03	1.78320E+00	3.10413E-03
3.82604E+03	1.78323E+00	3.06616E-03
3.89983E+03	1.78326E+00	3.02866E-03
3.97505E+03	1.78329E+00	2.99162E-03
4.05171E+03	1.78332E+00	2.95503E-03
4.12986E+03	1.78335E+00	2.91889E-03
4.20951E+03	1.78338E+00	2.88319E-03
4.29070E+03	1.78341E+00	2.84793E-03
4.37345E+03	1.78344E+00	2.81310E-03
4.45780E+03	1.78347E+00	2.77870E-03
4.54378E+03	1.78350E+00	2.74471E-03
4.63141E+03	1.78353E+00	2.71114E-03
4.72074E+03	1.78356E+00	2.67799E-03
4.81178E+03	1.78359E+00	2.64523E-03
4.90459E+03	1.78362E+00	2.61288E-03
4.99918E+03	1.78365E+00	2.58093E-03
5.09560E+03	1.78367E+00	2.54940E-03
5.19388E+03	1.78369E+00	2.51827E-03
5.29405E+03	1.78371E+00	2.48752E-03
5.39615E+03	1.78373E+00	2.45714E-03
5.50023E+03	1.78376E+00	2.42713E-03
5.60631E+03	1.78378E+00	2.39749E-03
5.71444E+03	1.78380E+00	2.36821E-03
5.82465E+03	1.78382E+00	2.33929E-03
5.93699E+03	1.78384E+00	2.31072E-03
6.05149E+03	1.78387E+00	2.28250E-03
6.16821E+03	1.78389E+00	2.25462E-03
6.28717E+03	1.78391E+00	2.22709E-03
6.40843E+03	1.78393E+00	2.19989E-03
6.53203E+03	1.78395E+00	2.17302E-03
6.65801E+03	1.78397E+00	2.14649E-03
6.78642E+03	1.78400E+00	2.12027E-03
6.91731E+03	1.78402E+00	2.09438E-03
7.05072E+03	1.78404E+00	2.06880E-03
7.18671E+03	1.78406E+00	2.04353E-03
7.32532E+03	1.78408E+00	2.01858E-03
7.46660E+03	1.78410E+00	1.99393E-03
7.61061E+03	1.78413E+00	1.96958E-03
7.75739E+03	1.78415E+00	1.94552E-03
7.90700E+03	1.78417E+00	1.92176E-03
8.05950E+03	1.78419E+00	1.89829E-03
8.21495E+03	1.78421E+00	1.87511E-03
8.37339E+03	1.78424E+00	1.85221E-03
8.53488E+03	1.78426E+00	1.82959E-03
8.69949E+03	1.78428E+00	1.80725E-03
8.86728E+03	1.78430E+00	1.78517E-03
9.03830E+03	1.78432E+00	1.76337E-03
9.21262E+03	1.78434E+00	1.74184E-03
9.39030E+03	1.78437E+00	1.72057E-03
9.57141E+03	1.78439E+00	1.69955E-03
9.75601E+03	1.78441E+00	1.67880E-03
9.94417E+03	1.78443E+00	1.65829E-03
1.01360E+04	1.78445E+00	1.63802E-03
1.03315E+04	1.78446E+00	1.61799E-03
1.05307E+04	1.78447E+00	1.59820E-03
1.07338E+04	1.78449E+00	1.57865E-03
1.09408E+04	1.78450E+00	1.55934E-03
1.11518E+04	1.78451E+00	1.54027E-03
1.13669E+04	1.78452E+00	1.52143E-03
1.15862E+04	1.78454E+00	1.50283E-03
1.18096E+04	1.78455E+00	1.48444E-03
1.20374E+04	1.78456E+00	1.46629E-03
1.22696E+04	1.78458E+00	1.44836E-03
1.25062E+04	1.78459E+00	1.43064E-03
1.27474E+04	1.78460E+00	1.41314E-03
1.29933E+04	1.78461E+00	1.39586E-03
1.32438E+04	1.78463E+00	1.37879E-03
1.34993E+04	1.78464E+00	1.36192E-03
1.37596E+04	1.78465E+00	1.34527E-03
1.40250E+04	1.78467E+00	1.32881E-03
1.42955E+04	1.78468E+00	1.31256E-03
1.45712E+04	1.78469E+00	1.29651E-03
1.48523E+04	1.78470E+00	1.28065E-03
1.51387E+04	1.78472E+00	1.26499E-03
1.54307E+04	1.78473E+00	1.24952E-03
1.57283E+04	1.78474E+00	1.23423E-03
1.60316E+04	1.78475E+00	1.21914E-03
1.63408E+04	1.78477E+00	1.20423E-03
1.66560E+04	1.78478E+00	1.18950E-03
1.69772E+04	1.78479E+00	1.17495E-03
1.73047E+04	1.78481E+00	1.16058E-03
1.76384E+04	1.78482E+00	1.14639E-03
1.79786E+04	1.78483E+00	1.13237E-03
1.83254E+04	1.78484E+00	1.11852E-03
1.86788E+04	1.78486E+00	1.10484E-03
1.90391E+04	1.78487E+00	1.09132E-03
1.94063E+04	1.78488E+00	1.07798E-03
1.97805E+04	1.78490E+00	1.06479E-03
2.01620E+04	1.78491E+00	1.05179E-03
2.05509E+04	1.78491E+00	1.03897E-03
2.09473E+04	1.78492E+00	1.02630E-03
2.13513E+04	1.78492E+00	1.01380E-03
2.17631E+04	1.78493E+00	1.00144E-03
2.21828E+04	1.78494E+00	9.89233E-04
2.26106E+04	1.78494E+00	9.77177E-04
2.30467E+04	1.78495E+00	9.65266E-04
2.34912E+04	1.78495E+00	9.53502E-04
2.39443E+04	1.78496E+00	9.41880E-04
2.44061E+04	1.78496E+00	9.30400E-04
2.48768E+04	1.78497E+00	9.19060E-04
2.53566E+04	1.78498E+00	9.07859E-04
2.58457E+04	1.78498E+00	8.96794E-04
2.63441E+04	1.78499E+00	8.85863E-04
2.68522E+04	1.78499E+00	8.75066E-04
2.73701E+04	1.78500E+00	8.64401E-04
2.78980E+04	1.78501E+00	8.53865E-04
2.84361E+04	1.78501E+00	8.43458E-04
2.89845E+04	1.78502E+00	8.33178E-04
2.95435E+04	1.78502E+00	8.23023E-04
3.01133E+04	1.78503E+00	8.12992E-04
3.06941E+04	1.78504E+00	8.03083E-04
3.12861E+04	1.78504E+00	7.93295E-04
3.18895E+04	1.78505E+00	7.83626E-04
3.25045E+04	1.78506E+00	7.72708E-04
3.31314E+04	1.78507E+00	7.61644E-04
3.37704E+04	1.78508E+00	7.50739E-04
3.44218E+04	1.78509E+00	7.39990E-04
3.50856E+04	1.78510E+00	7.29303E-04
3.57623E+04	1.78510E+00	7.18155E-04
3.64521E+04	1.78511E+00	7.07178E-04
3.71551E+04	1.78511E+00	6.96368E-04
3.78717E+04	1.78512E+00	6.85723E-04
3.86021E+04	1.78513E+00	6.75241E-04
3.93467E+04	1.78513E+00	6.64920E-04
4.01055E+04	1.78514E+00	6.54656E-04
4.08790E+04	1.78514E+00	6.43932E-04
4.16674E+04	1.78514E+00	6.33384E-04
4.24711E+04	1.78514E+00	6.23009E-04
4.32902E+04	1.78514E+00	6.12804E-04
4.41251E+04	1.78514E+00	6.02766E-04
4.49762E+04	1.78514E+00	5.92892E-04
4.58436E+04	1.78514E+00	5.83699E-04
4.67278E+04	1.78514E+00	5.74664E-04
4.76290E+04	1.78514E+00	5.65768E-04
4.85476E+04	1.78514E+00	5.57010E-04
4.94839E+04	1.78514E+00	5.48387E-04
5.04383E+04	1.78514E+00	5.39287E-04
5.14111E+04	1.78513E+00	5.29625E-04
5.24027E+04	1.78513E+00	5.20136E-04
5.34133E+04	1.78512E+00	5.10817E-04
5.44435E+04	1.78511E+00	5.01665E-04
5.54936E+04	1.78511E+00	4.92677E-04
5.65638E+04	1.78510E+00	4.83850E-04
5.76548E+04	1.78510E+00	4.75182E-04
5.87668E+04	1.78509E+00	4.66668E-04
5.99002E+04	1.78509E+00	4.58307E-04
6.10555E+04	1.78508E+00	4.50587E-04
6.22330E+04	1.78507E+00	4.43042E-04
6.34333E+04	1.78507E+00	4.35625E-04
6.46567E+04	1.78506E+00	4.28331E-04
6.59037E+04	1.78505E+00	4.21159E-04
6.71748E+04	1.78505E+00	4.14108E-04
6.84704E+04	1.78504E+00	4.07174E-04
6.97910E+04	1.78503E+00	4.00357E-04
7.11370E+04	1.78503E+00	3.92654E-04
7.25090E+04	1.78502E+00	3.84919E-04
7.39075E+04	1.78502E+00	3.77335E-04
7.53329E+04	1.78502E+00	3.69901E-04
7.67858E+04	1.78501E+00	3.62614E-04
7.82668E+04	1.78501E+00	3.55469E-04
7.97763E+04	1.78500E+00	3.48466E-04
8.13149E+04	1.78500E+00	3.41601E-04
8.28832E+04	1.78499E+00	3.34871E-04
8.44817E+04	1.78499E+00	3.28274E-04
8.61111E+04	1.78499E+00	3.21806E-04
8.77719E+04	1.78498E+00	3.15466E-04
8.94648E+04	1.78498E+00	3.09251E-04
9.11902E+04	1.78498E+00	3.03145E-04
9.29490E+04	1.78498E+00	2.97153E-04
9.47417E+04	1.78498E+00	2.91280E-04
9.65690E+04	1.78498E+00	2.85523E-04
9.84315E+04	1.78498E+00	2.79880E-04
1.00330E+05	1.78498E+00	2.74349E-04
1.02265E+05	1.78498E+00	2.68926E-04
1.04237E+05	1.78498E+00	2.63611E-04
1.06248E+05	1.78498E+00	2.58401E-04
1.08297E+05	1.78498E+00	2.53294E-04
1.10386E+05	1.78498E+00	2.48288E-04
1.12515E+05	1.78498E+00	2.43712E-04
1.14685E+05	1.78498E+00	2.39355E-04
1.16896E+05	1.78498E+00	2.35076E-04
1.19151E+05	1.78498E+00	2.30873E-04
1.21449E+05	1.78498E+00	2.26904E-04
1.23791E+05	1.78498E+00	2.23095E-04
1.26179E+05	1.78498E+00	2.19349E-04
1.28613E+05	1.78498E+00	2.15667E-04
1.31093E+05	1.78498E+00	2.12473E-04
1.33621E+05	1.78498E+00	2.09868E-04
1.36199E+05	1.78498E+00	2.07294E-04
1.38825E+05	1.78498E+00	2.04751E-04
1.41503E+05	1.78498E+00	2.02260E-04
1.44232E+05	1.78498E+00	1.99815E-04
1.47014E+05	1.78498E+00	1.97400E-04
1.49849E+05	1.78498E+00	1.95014E-04
1.52739E+05	1.78498E+00	1.92416E-04
1.55685E+05	1.78498E+00	1.89839E-04
1.58688E+05	1.78498E+00	1.87297E-04
1.61748E+05	1.78498E+00	1.85248E-04
1.64868E+05	1.78498E+00	1.83565E-04
1.68048E+05	1.78498E+00	1.81898E-04
1.71289E+05	1.78498E+00	1.80310E-04
1.74592E+05	1.78498E+00	1.78833E-04
1.77960E+05	1.78498E+00	1.77368E-04
1.81392E+05	1.78498E+00	1.75916E-04
1.84890E+05	1.78498E+00	1.74475E-04
1.88456E+05	1.78498E+00	1.73046E-04
1.92091E+05	1.78498E+00	1.71629E-04
1.95796E+05	1.78498E+00	1.70223E-04
1.99572E+05	1.78498E+00	1.68829E-04
2.03421E+05	1.78498E+00	1.67805E-04
2.07345E+05	1.78498E+00	1.66832E-04
2.11344E+05	1.78498E+00	1.65864E-04
2.15420E+05	1.78498E+00	1.64903E-04
2.19574E+05	1.78498E+00	1.63946E-04
2.23809E+05	1.78498E+00	1.62996E-04
2.28126E+05	1.78498E+00	1.62051E-04
2.32526E+05	1.78498E+00	1.61111E-04
2.37010E+05	1.78498E+00	1.60177E-04
2.41582E+05	1.78498E+00	1.59248E-04
2.46241E+05	1.78498E+00	1.58325E-04
2.50990E+05	1.78498E+00	1.57509E-04
2.55831E+05	1.78498E+00	1.57087E-04
2.60765E+05	1.78498E+00	1.56666E-04
2.65794E+05	1.78498E+00	1.56246E-04
2.70921E+05	1.78498E+00	1.55827E-04
2.76146E+05	1.78498E+00	1.55409E-04
2.81472E+05	1.78498E+00	1.54993E-04
2.86900E+05	1.78498E+00	1.54578E-04
2.92434E+05	1.78498E+00	1.54426E-04
2.98074E+05	1.78498E+00	1.54614E-04
3.03823E+05	1.78498E+00	1.54802E-04
3.09683E+05	1.78498E+00	1.54990E-04
3.15655E+05	1.78498E+00	1.55179E-04
3.21743E+05	1.78498E+00	1.55454E-04
3.27949E+05	1.78498E+00	1.55949E-04
3.34274E+05	1.78498E+00	1.56446E-04
3.40721E+05	1.78498E+00	1.56944E-04
3.47292E+05	1.78498E+00	1.57444E-04
3.53990E+05	1.78498E+00	1.58252E-04
3.60818E+05	1.78498E+00	1.59275E-04
3.67777E+05	1.78498E+00	1.60305E-04
3.74870E+05	1.78498E+00	1.61341E-04
3.82100E+05	1.78498E+00	1.62553E-04
3.89469E+05	1.78498E+00	1.64196E-04
3.96981E+05	1.78498E+00	1.65854E-04
4.04637E+05	1.78498E+00	1.67773E-04
4.12442E+05	1.78498E+00	1.69877E-04
4.20396E+05	1.78498E+00	1.72006E-04
4.28504E+05	1.78498E+00	1.74163E-04
4.36769E+05	1.78498E+00	1.76346E-04
4.45193E+05	1.78498E+00	1.78557E-04
4.53779E+05	1.78498E+00	1.81113E-04
4.62531E+05	1.78498E+00	1.84119E-04
4.71452E+05	1.78498E+00	1.87175E-04
4.80544E+05	1.78498E+00	1.90282E-04
4.89812E+05	1.78498E+00	1.93441E-04
4.99259E+05	1.78498E+00	1.96651E-04
5.08888E+05	1.78498E+00	2.00430E-04
5.18703E+05	1.78498E+00	2.04325E-04
5.28707E+05	1.78498E+00	2.08296E-04
5.38904E+05	1.78498E+00	2.12343E-04
5.49298E+05	1.78498E+00	2.16470E-04
5.59892E+05	1.78498E+00	2.20677E-04
5.70691E+05	1.78498E+00	2.24965E-04
5.81698E+05	1.78498E+00	2.29337E-04
5.92917E+05	1.78498E+00	2.33794E-04
6.04352E+05	1.78498E+00	2.38493E-04
6.16008E+05	1.78498E+00	2.43549E-04
6.27889E+05	1.78498E+00	2.48712E-04
6.39999E+05	1.78498E+00	2.53984E-04
6.52342E+05	1.78498E+00	2.59321E-04
6.64924E+05	1.78498E+00	2.64771E-04
6.77748E+05	1.78498E+00	2.70336E-04
6.90820E+05	1.78498E+00	2.77657E-04
7.04143E+05	1.78498E+00	2.85531E-04
7.17724E+05	1.78498E+00	2.93629E-04
7.31567E+05	1.78498E+00	2.99252E-04
7.45676E+05	1.78498E+00	3.04438E-04
7.60058E+05	1.78498E+00	3.09721E-04
7.74717E+05	1.78498E+00	3.16893E-04
7.89659E+05	1.78498E+00	3.24230E-04
8.04889E+05	1.78498E+00	3.31527E-04
8.20412E+05	1.78498E+00	3.38529E-04
8.36235E+05	1.78498E+00	3.45678E-04
8.52364E+05	1.78498E+00	3.53378E-04
8.68803E+05	1.78498E+00	3.61375E-04
8.85559E+05	1.78498E+00	3.69554E-04
9.02639E+05	1.78498E+00	3.77982E-04
9.20048E+05	1.78498E+00	3.86972E-04
9.37793E+05	1.78498E+00	3.96176E-04
9.55880E+05	1.78498E+00	4.05598E-04
9.74315E+05	1.78498E+00	4.15245E-04
9.93107E+05	1.78498E+00	4.25121E-04
1.01226E+06	1.78498E+00	4.33992E-04
1.03178E+06	1.78498E+00	4.42330E-04
1.05168E+06	1.78498E+00	4.50829E-04
1.07197E+06	1.78498E+00	4.59491E-04
1.09264E+06	1.78498E+00	4.68319E-04
1.11372E+06	1.78498E+00	4.77317E-04
1.13520E+06	1.78498E+00	4.86488E-04
1.15709E+06	1.78498E+00	4.95835E-04
1.17941E+06	1.78498E+00	5.05362E-04
1.20215E+06	1.78498E+00	5.15072E-04
1.22534E+06	1.78498E+00	5.24968E-04
1.24897E+06	1.78498E+00	5.35055E-04
1.27306E+06	1.78498E+00	5.45335E-04
1.29761E+06	1.78498E+00	5.55813E-04
1.32264E+06	1.78498E+00	5.66492E-04
1.34815E+06	1.78498E+00	5.77377E-04
1.37415E+06	1.78498E+00	5.88470E-04
1.40065E+06	1.78498E+00	5.99777E-04
1.42767E+06	1.78498E+00	6.11300E-04
1.45520E+06	1.78498E+00	6.23046E-04
1.48327E+06	1.78498E+00	6.35016E-04
1.51188E+06	1.78498E+00	6.47217E-04
1.54104E+06	1.78498E+00	6.59653E-04
1.57076E+06	1.78498E+00	6.72327E-04
1.60105E+06	1.78498E+00	6.85245E-04
1.63193E+06	1.78498E+00	6.98411E-04
1.66341E+06	1.78498E+00	7.11830E-04
1.69549E+06	1.78498E+00	7.25506E-04
1.72819E+06	1.78498E+00	7.39446E-04
1.76152E+06	1.78498E+00	7.53653E-04
1.79549E+06	1.78498E+00	7.68134E-04
1.83012E+06	1.78498E+00	7.82892E-04
1.86542E+06	1.78498E+00	7.97934E-04
1.90140E+06	1.78498E+00	8.13266E-04
1.93807E+06	1.78498E+00	8.28891E-04
1.97545E+06	1.78498E+00	8.44817E-04
2.01355E+06	1.78498E+00	8.59984E-04
2.05238E+06	1.78498E+00	8.73442E-04
2.09197E+06	1.78498E+00	8.87111E-04
2.13231E+06	1.78499E+00	9.00994E-04
2.17344E+06	1.78499E+00	9.15095E-04
2.21536E+06	1.78499E+00	9.29416E-04
2.25808E+06	1.78500E+00	9.43961E-04
2.30164E+06	1.78500E+00	9.58733E-04
2.34603E+06	1.78501E+00	9.73737E-04
2.39127E+06	1.78501E+00	9.88976E-04
2.43739E+06	1.78501E+00	1.00445E-03
2.48440E+06	1.78502E+00	1.02017E-03
2.53232E+06	1.78502E+00	1.03614E-03
2.58116E+06	1.78502E+00	1.05235E-03
2.63094E+06	1.78503E+00	1.06882E-03
2.68168E+06	1.78503E+00	1.08555E-03
2.73340E+06	1.78503E+00	1.10254E-03
2.78612E+06	1.78504E+00	1.11979E-03
2.83986E+06	1.78504E+00	1.13732E-03
2.89463E+06	1.78504E+00	1.15511E-03
2.95046E+06	1.78505E+00	1.17319E-03
3.00736E+06	1.78505E+00	1.19155E-03
3.06537E+06	1.78505E+00	1.21020E-03
3.12449E+06	1.78506E+00	1.22914E-03
3.18475E+06	1.78506E+00	1.24837E-03
3.24617E+06	1.78506E+00	1.26791E-03
3.30878E+06	1.78507E+00	1.28775E-03
3.37259E+06	1.78507E+00	1.30790E-03
3.43764E+06	1.78507E+00	1.32837E-03
3.50394E+06	1.78508E+00	1.34916E-03
3.57152E+06	1.78508E+00	1.37028E-03
3.64040E+06	1.78508E+00	1.39172E-03
3.71062E+06	1.78509E+00	1.41350E-03
3.78218E+06	1.78509E+00	1.43562E-03
3.85513E+06	1.78509E+00	1.45809E-03
3.92948E+06	1.78510E+00	1.48091E-03
4.00527E+06	1.78510E+00	1.50408E-03
4.08252E+06	1.78510E+00	1.52762E-03
4.16125E+06	1.78511E+00	1.55153E-03
4.24151E+06	1.78511E+00	1.57581E-03
4.32332E+06	1.78511E+00	1.60047E-03
4.40670E+06	1.78512E+00	1.62551E-03
4.49169E+06	1.78512E+00	1.65095E-03
4.57832E+06	1.78512E+00	1.67679E-03
4.66662E+06	1.78513E+00	1.70303E-03
4.75663E+06	1.78513E+00	1.72968E-03
4.84837E+06	1.78513E+00	1.75675E-03
4.94187E+06	1.78514E+00	1.78424E-03
5.03719E+06	1.78515E+00	1.81412E-03
5.13434E+06	1.78517E+00	1.84765E-03
5.23336E+06	1.78519E+00	1.88180E-03
5.33430E+06	1.78521E+00	1.91657E-03
5.43718E+06	1.78523E+00	1.95199E-03
5.54204E+06	1.78525E+00	1.98806E-03
5.64893E+06	1.78527E+00	2.02480E-03
5.75788E+06	1.78529E+00	2.06222E-03
5.86893E+06	1.78531E+00	2.10033E-03
5.98212E+06	1.78534E+00	2.13915E-03
6.09750E+06	1.78536E+00	2.17868E-03
6.21510E+06	1.78538E+00	2.21894E-03
6.33497E+06	1.78540E+00	2.25995E-03
6.45715E+06	1.78542E+00	2.30171E-03
6.58169E+06	1.78544E+00	2.34425E-03
6.70863E+06	1.78546E+00	2.38757E-03
6.83802E+06	1.78548E+00	2.43169E-03
6.96990E+06	1.78550E+00	2.47663E-03
7.10433E+06	1.78552E+00	2.52240E-03
7.24135E+06	1.78554E+00	2.56901E-03
7.38101E+06	1.78556E+00	2.61649E-03
7.52336E+06	1.78559E+00	2.66484E-03
7.66846E+06	1.78561E+00	2.71409E-03
7.81636E+06	1.78563E+00	2.76425E-03
7.96712E+06	1.78565E+00	2.81533E-03
8.12078E+06	1.78567E+00	2.86736E-03
8.27740E+06	1.78569E+00	2.92035E-03
8.43704E+06	1.78571E+00	2.97431E-03
8.59977E+06	1.78573E+00	3.02928E-03
